0 0 0 0 0 0 0 0 0 0 0 0 0 0 0 0 0 0 0 0 0 0 0 0 0 0 0 0 0 0 0 0 0 0 0 0 0 0 0 0 0 0 0 0 0 0 0 0 0 0 0 0 0 0 0 0 0 0 0 0 
0 0 0 0 0 0 0 0 0 0 0 0 0 0 0 0 0 0 0 0 0 0 0 0 0 0 0 0 0 0 0 0 0 0 0 0 0 0 0 0 0 0 0 0 0 0 0 0 0 0 0 0 0 0 0 0 0 0 0 0 
0 0 0 0 0 0 0 0 0 0 0 0 0 0 0 0 0 0 0 0 0 0 0 0 0 0 0 0 0 0 0 0 0 0 0 0 0 0 0 0 0 0 0 0 0 0 0 0 0 0 0 0 0 0 0 0 0 0 0 0 
0 0 0 14 14 14 14 14 0 0 0 0 0 14 14 14 14 14 14 14 14 14 14 14 14 14 14 14 14 14 14 14 14 14 14 14 14 14 14 14 14 14 14 14 14 14 14 0 0 0 0 0 14 14 14 14 14 0 0 0 
0 0 0 14 14 14 14 14 0 0 0 0 0 14 14 14 14 14 14 14 14 14 14 14 14 14 14 14 14 14 14 14 14 14 14 14 14 14 14 14 14 14 14 14 14 14 14 0 0 0 0 0 14 14 14 14 14 0 0 0 
0 0 0 14 14 14 14 14 0 0 0 0 0 14 14 14 14 14 14 14 14 14 14 14 14 14 14 14 14 14 14 14 14 14 14 14 14 14 14 14 14 14 14 14 14 14 14 0 0 0 0 0 14 14 14 14 14 0 0 0 
0 0 0 14 14 14 14 14 0 0 0 0 0 14 14 14 14 14 14 14 14 14 14 14 14 14 14 14 14 14 14 14 14 14 14 14 14 14 14 14 14 14 14 14 14 14 14 0 0 0 0 0 14 14 14 14 14 0 0 0 
0 0 0 14 14 14 14 14 0 0 0 0 0 14 14 14 14 14 14 14 14 14 14 14 14 14 14 14 14 14 14 14 14 14 14 14 14 14 14 14 14 14 14 14 14 14 14 0 0 0 0 0 14 14 14 14 14 0 0 0 
0 0 0 0 0 0 0 0 0 0 0 0 0 14 14 14 14 14 14 14 14 14 14 14 14 14 14 14 14 14 14 14 14 14 14 14 14 14 14 14 14 14 14 14 14 14 14 0 0 0 0 0 0 0 0 0 0 0 0 0 
0 0 0 0 0 0 0 0 0 0 0 0 0 14 14 14 14 14 14 14 14 14 14 14 14 14 14 14 14 14 14 14 14 14 14 14 14 14 14 14 14 14 14 14 14 14 14 0 0 0 0 0 0 0 0 0 0 0 0 0 
0 0 0 0 0 0 0 0 0 0 0 0 0 0 28 28 28 28 28 0 0 0 0 0 0 0 0 0 28 28 28 28 0 0 0 0 0 0 0 0 0 28 28 28 28 28 0 0 0 0 0 0 0 0 0 0 0 0 0 0 
0 0 0 0 0 0 0 0 0 0 0 0 0 0 28 28 28 28 28 0 0 0 0 0 0 0 0 0 28 28 28 28 0 0 0 0 0 0 0 0 0 28 28 28 28 28 0 0 0 0 0 0 0 0 0 0 0 0 0 0 
0 0 0 0 0 0 0 0 0 0 0 0 0 0 28 28 28 28 28 0 0 0 0 0 0 0 0 0 28 28 28 28 0 0 0 0 0 0 0 0 0 28 28 28 28 28 0 0 0 0 0 0 0 0 0 0 0 0 0 0 
0 0 0 14 14 14 14 14 14 14 14 14 14 14 14 14 14 14 14 14 0 0 0 0 14 14 14 14 14 14 14 14 14 14 14 14 0 0 0 0 14 14 14 14 14 14 14 14 14 14 14 14 14 14 14 14 14 0 0 0 
0 0 0 14 14 14 14 14 14 14 14 14 14 14 14 14 14 14 14 14 0 0 0 0 14 14 14 14 14 14 14 14 14 14 14 14 0 0 0 0 14 14 14 14 14 14 14 14 14 14 14 14 14 14 14 14 14 0 0 0 
0 0 0 14 14 14 14 14 14 14 14 14 14 14 14 14 14 14 14 14 0 0 0 0 14 14 14 14 14 14 14 14 14 14 14 14 0 0 0 0 14 14 14 14 14 14 14 14 14 14 14 14 14 14 14 14 14 0 0 0 
0 0 0 14 14 14 14 14 14 14 14 14 14 14 14 14 14 14 14 14 27 27 27 27 14 14 14 14 14 14 14 14 14 14 14 14 27 27 27 27 14 14 14 14 14 14 14 14 14 14 14 14 14 14 14 14 14 0 0 0 
0 0 0 14 14 14 14 14 14 14 14 14 14 14 14 14 14 14 14 14 27 27 27 27 14 14 14 14 14 14 14 14 14 14 14 14 27 27 27 27 14 14 14 14 14 14 14 14 14 14 14 14 14 14 14 14 14 0 0 0 
0 0 0 14 14 14 14 14 14 14 14 14 14 14 14 14 14 14 14 14 27 27 27 27 14 14 14 14 14 14 14 14 14 14 14 14 27 27 27 27 14 14 14 14 14 14 14 14 14 14 14 14 14 14 14 14 14 0 0 0 
0 0 0 14 14 14 14 14 14 14 14 14 14 14 14 14 14 14 14 14 0 0 0 0 14 14 14 14 14 14 14 14 14 14 14 14 0 0 0 0 14 14 14 14 14 14 14 14 14 14 14 14 14 14 14 14 14 0 0 0 
0 0 0 14 14 14 14 14 14 14 14 14 14 14 14 14 14 14 14 14 0 0 0 0 14 14 14 14 14 14 14 14 14 14 14 14 0 0 0 0 14 14 14 14 14 14 14 14 14 14 14 14 14 14 14 14 14 0 0 0 
0 0 0 14 14 14 14 14 14 14 14 14 14 14 14 14 14 14 14 14 0 0 0 0 14 14 14 14 14 14 14 14 14 14 14 14 0 0 0 0 14 14 14 14 14 14 14 14 14 14 14 14 14 14 14 14 14 0 0 0 
0 0 0 0 0 0 0 0 0 0 0 0 0 0 28 28 28 28 28 0 0 0 0 0 0 0 0 0 28 28 28 28 0 0 0 0 0 0 0 0 0 28 28 28 28 28 0 0 0 0 0 0 0 0 0 0 0 0 0 0 
0 0 0 0 0 0 0 0 0 0 0 0 0 0 28 28 28 28 28 0 0 0 0 0 0 0 0 0 28 28 28 28 0 0 0 0 0 0 0 0 0 28 28 28 28 28 0 0 0 0 0 0 0 0 0 0 0 0 0 0 
0 0 0 0 0 0 0 0 0 0 0 0 0 0 28 28 28 28 28 0 0 0 0 0 0 0 0 0 28 28 28 28 0 0 0 0 0 0 0 0 0 28 28 28 28 28 0 0 0 0 0 0 0 0 0 0 0 0 0 0 
0 0 0 0 0 0 0 0 0 0 0 0 0 14 14 14 14 14 14 14 14 14 14 14 14 14 14 14 14 14 14 14 14 14 14 14 14 14 14 14 14 14 14 14 14 14 14 0 0 0 0 0 0 0 0 0 0 0 0 0 
0 0 0 0 0 0 0 0 0 0 0 0 0 14 14 14 14 14 14 14 14 14 14 14 14 14 14 14 14 14 14 14 14 14 14 14 14 14 14 14 14 14 14 14 14 14 14 0 0 0 0 0 0 0 0 0 0 0 0 0 
0 0 0 14 14 14 14 14 0 0 0 0 0 14 14 14 14 14 14 14 14 14 14 14 14 14 14 14 14 14 14 14 14 14 14 14 14 14 14 14 14 14 14 14 14 14 14 0 0 0 0 0 14 14 14 14 14 0 0 0 
0 0 0 14 14 14 14 14 0 0 0 0 0 14 14 14 14 14 14 14 14 14 14 14 14 14 14 14 14 14 14 14 14 14 14 14 14 14 14 14 14 14 14 14 14 14 14 0 0 0 0 0 14 14 14 14 14 0 0 0 
0 0 0 14 14 14 14 14 0 0 0 0 0 14 14 14 14 14 14 14 14 14 14 14 14 14 14 14 14 14 14 14 14 14 14 14 14 14 14 14 14 14 14 14 14 14 14 0 0 0 0 0 14 14 14 14 14 0 0 0 
0 0 0 14 14 14 14 14 0 0 0 0 0 14 14 14 14 14 14 14 14 14 14 14 14 14 14 14 14 14 14 14 14 14 14 14 14 14 14 14 14 14 14 14 14 14 14 0 0 0 0 0 14 14 14 14 14 0 0 0 
0 0 0 14 14 14 14 14 0 0 0 0 0 14 14 14 14 14 14 14 14 14 14 14 14 14 14 14 14 14 14 14 14 14 14 14 14 14 14 14 14 14 14 14 14 14 14 0 0 0 0 0 14 14 14 14 14 0 0 0 
0 0 0 0 0 0 0 0 0 0 0 0 0 0 0 0 0 0 0 0 0 0 0 0 0 0 0 0 0 0 0 0 0 0 0 0 0 0 0 0 0 0 0 0 0 0 0 0 0 0 0 0 0 0 0 0 0 0 0 0 
0 0 0 0 0 0 0 0 0 0 0 0 0 0 0 0 0 0 0 0 0 0 0 0 0 0 0 0 0 0 0 0 0 0 0 0 0 0 0 0 0 0 0 0 0 0 0 0 0 0 0 0 0 0 0 0 0 0 0 0 
0 0 0 0 0 0 0 0 0 0 0 0 0 0 0 0 0 0 0 0 0 0 0 0 0 0 0 0 0 0 0 0 0 0 0 0 0 0 0 0 0 0 0 0 0 0 0 0 0 0 0 0 0 0 0 0 0 0 0 0