26 26 26 26 26 26 26 26 26 26 26 26 26 26 26 26 26 26 26 26 26 26 26 26 26 26 26 26 26 26 26 26 26 26 26 26 26 26 26 26 26 26 26 26 26 26 26 26 26 26 26 26 26 26 26 26 26 26 26 26 
26 26 26 26 26 26 26 26 26 26 26 26 26 26 26 26 26 26 26 26 26 26 26 26 26 26 26 26 26 26 26 26 26 26 26 26 26 26 26 26 26 26 26 26 26 26 26 26 26 26 26 26 26 26 26 26 26 26 26 26 
26 26 26 26 26 26 26 26 26 26 26 26 26 26 26 26 26 26 26 26 26 26 26 26 26 26 26 26 26 26 26 26 26 26 26 26 26 26 26 26 26 26 26 26 26 26 26 26 26 26 26 26 26 26 26 26 26 26 26 26 
26 26 26 0 0 0 0 0 26 26 26 26 26 0 0 0 0 0 0 0 0 0 0 0 0 0 0 0 0 0 0 0 0 0 0 0 0 0 0 0 0 0 0 0 0 0 0 26 26 26 26 26 0 0 0 0 0 26 26 26 
26 26 26 0 0 0 0 0 26 26 26 26 26 0 0 0 0 0 0 0 0 0 0 0 0 0 0 0 0 0 0 0 0 0 0 0 0 0 0 0 0 0 0 0 0 0 0 26 26 26 26 26 0 0 0 0 0 26 26 26 
26 26 26 0 0 0 0 0 26 26 26 26 26 0 0 0 0 0 0 0 0 0 4 4 4 0 0 0 0 0 0 0 0 0 0 4 4 4 0 0 0 0 0 0 0 0 0 26 26 26 26 26 0 0 0 0 0 26 26 26 
26 26 26 0 0 0 0 0 26 26 26 26 26 0 0 0 0 0 0 0 0 0 4 4 4 0 0 0 0 0 0 0 0 0 0 4 4 4 0 0 0 0 0 0 0 0 0 26 26 26 26 26 0 0 0 0 0 26 26 26 
26 26 26 15 19 19 19 23 26 26 26 26 26 0 0 0 0 0 0 0 0 0 1 3 2 0 0 0 0 0 0 0 0 0 0 1 3 2 0 0 0 0 0 0 0 0 0 26 26 26 26 26 15 19 19 19 23 26 26 26 
26 26 26 26 26 26 26 26 26 26 26 26 26 0 0 0 0 0 0 0 0 0 0 0 0 0 0 0 0 0 0 0 0 0 0 0 0 0 0 0 0 0 0 0 0 0 0 26 26 26 26 26 26 26 26 26 26 26 26 26 
26 26 26 26 26 26 26 26 26 26 26 26 26 0 0 0 0 0 0 0 0 0 0 0 0 0 0 0 0 0 0 0 0 0 0 0 0 0 0 0 0 0 0 0 0 0 0 26 26 26 26 26 26 26 26 26 26 26 26 26 
26 26 26 26 26 26 26 26 26 26 26 26 26 15 0 0 0 0 0 19 19 19 19 19 19 19 19 9 0 0 0 0 5 19 19 19 19 19 19 19 9 0 0 0 0 0 23 26 26 26 26 26 26 26 26 26 26 26 26 26 
26 26 26 26 26 26 26 26 26 26 26 26 26 26 0 0 0 0 0 26 26 26 26 26 26 26 26 26 0 0 0 0 26 26 26 26 26 26 26 26 26 0 0 0 0 0 26 26 26 26 26 26 26 26 26 26 26 26 26 26 
26 26 26 26 26 26 26 26 26 26 26 26 26 26 0 0 0 0 0 26 26 26 26 26 26 26 26 26 0 0 0 0 26 26 26 26 26 26 26 26 26 0 0 0 0 0 26 26 26 26 26 26 26 26 26 26 26 26 26 26 
26 26 26 0 0 0 0 0 0 0 0 0 0 0 0 0 0 0 0 0 26 26 26 26 0 0 0 0 0 0 0 0 0 0 0 0 26 26 26 26 0 0 0 0 0 0 0 0 0 0 0 0 0 0 0 0 0 26 26 26 
26 26 26 0 0 0 0 0 0 0 0 0 0 0 0 0 0 0 0 0 26 26 26 26 0 0 0 0 0 0 0 0 0 0 0 0 26 26 26 26 0 0 0 0 0 0 0 0 0 0 0 0 0 0 0 0 0 26 26 26 
26 26 26 0 0 0 0 0 0 0 0 0 0 0 0 0 0 0 0 0 26 26 26 26 0 0 0 0 0 0 0 0 0 0 0 0 26 26 26 26 0 0 0 0 0 0 0 0 0 0 0 0 0 0 0 0 0 26 26 26 
26 26 26 0 0 0 0 0 0 0 0 0 0 0 0 0 0 0 0 0 0 0 0 0 0 0 0 0 0 0 0 0 0 0 0 0 0 0 0 0 0 0 0 0 0 0 0 0 0 0 0 0 0 0 0 0 0 26 26 26 
26 26 26 0 0 0 0 0 0 0 0 0 0 0 0 0 0 0 0 0 0 0 0 0 0 0 0 0 0 0 0 0 0 0 0 0 0 0 0 0 0 0 0 0 0 0 0 0 0 0 0 0 0 0 0 0 0 26 26 26 
26 26 26 0 0 0 0 0 0 0 0 0 0 0 0 0 0 0 0 0 0 0 0 0 0 0 0 0 0 0 0 0 0 0 0 0 0 0 0 0 0 0 0 0 0 0 0 0 0 0 0 0 0 0 0 0 0 26 26 26 
26 26 26 0 0 0 0 0 0 0 0 0 0 0 0 0 0 0 0 0 26 26 26 26 0 0 0 0 0 0 0 0 0 0 0 0 26 26 26 26 0 0 0 0 0 0 0 0 0 0 0 0 0 0 0 0 0 26 26 26 
26 26 26 0 0 0 0 0 0 0 0 0 0 0 0 0 0 0 0 0 26 26 26 26 0 0 0 0 0 0 0 0 0 0 0 0 26 26 26 26 0 0 0 0 0 0 0 0 0 0 0 0 0 0 0 0 0 26 26 26 
26 26 26 0 0 0 0 0 0 0 0 0 0 0 0 0 0 0 0 0 26 26 26 26 0 0 0 0 0 0 0 0 0 0 0 0 26 26 26 26 0 0 0 0 0 0 0 0 0 0 0 0 0 0 0 0 0 26 26 26 
26 26 26 15 19 19 19 19 19 19 19 19 19 9 0 0 0 0 0 5 26 26 26 26 15 19 19 9 0 0 0 0 19 19 19 23 26 26 26 26 15 0 0 0 0 0 5 19 19 19 19 19 19 19 19 19 23 26 26 26 
26 26 26 26 26 26 26 26 26 26 26 26 26 26 0 0 0 0 0 26 26 26 26 26 26 26 26 26 0 0 0 0 26 26 26 26 26 26 26 26 26 0 0 0 0 0 26 26 26 26 26 26 26 26 26 26 26 26 26 26 
26 26 26 26 26 26 26 26 26 26 26 26 26 26 0 0 0 0 0 26 26 26 26 26 26 26 26 26 0 0 0 0 26 26 26 26 26 26 26 26 26 0 0 0 0 0 26 26 26 26 26 26 26 26 26 26 26 26 26 26 
26 26 26 26 26 26 26 26 26 26 26 26 26 0 0 0 0 0 0 0 0 0 0 0 0 0 0 0 0 0 0 0 0 0 0 0 0 0 0 0 0 0 0 0 0 0 0 26 26 26 26 26 26 26 26 26 26 26 26 26 
26 26 26 26 26 26 26 26 26 26 26 26 26 0 0 0 0 0 0 0 0 0 0 0 0 0 0 0 0 0 0 0 0 0 0 0 0 0 0 0 0 0 0 0 0 0 0 26 26 26 26 26 26 26 26 26 26 26 26 26 
26 26 26 0 0 0 0 0 26 26 26 26 26 0 0 0 0 0 0 0 0 0 4 4 4 0 0 0 0 0 0 0 0 0 0 4 4 4 0 0 0 0 0 0 0 0 0 26 26 26 26 26 0 0 0 0 0 26 26 26 
26 26 26 0 0 0 0 0 26 26 26 26 26 0 0 0 0 0 0 0 0 0 4 4 4 0 0 0 0 0 0 0 0 0 0 4 4 4 0 0 0 0 0 0 0 0 0 26 26 26 26 26 0 0 0 0 0 26 26 26 
26 26 26 0 0 0 0 0 26 26 26 26 26 0 0 0 0 0 0 0 0 0 1 3 2 0 0 0 0 0 0 0 0 0 0 1 3 2 0 0 0 0 0 0 0 0 0 26 26 26 26 26 0 0 0 0 0 26 26 26 
26 26 26 0 0 0 0 0 26 26 26 26 26 0 0 0 0 0 0 0 0 0 0 0 0 0 0 0 0 0 0 0 0 0 0 0 0 0 0 0 0 0 0 0 0 0 0 26 26 26 26 26 0 0 0 0 0 26 26 26 
26 26 26 15 19 19 19 23 26 26 26 26 26 0 0 0 0 0 0 0 0 0 0 0 0 0 0 0 0 0 0 0 0 0 0 0 0 0 0 0 0 0 0 0 0 0 0 26 26 26 26 26 15 19 19 19 23 26 26 26 
26 26 26 26 26 26 26 26 26 26 26 26 26 15 19 19 19 19 19 19 19 19 19 19 19 19 19 19 19 19 19 19 19 19 19 19 19 19 19 19 19 19 19 19 19 19 23 26 26 26 26 26 26 26 26 26 26 26 26 26 
26 26 26 26 26 26 26 26 26 26 26 26 26 26 26 26 26 26 26 26 26 26 26 26 26 26 26 26 26 26 26 26 26 26 26 26 26 26 26 26 26 26 26 26 26 26 26 26 26 26 26 26 26 26 26 26 26 26 26 26 
26 26 26 26 26 26 26 26 26 26 26 26 26 26 26 26 26 26 26 26 26 26 26 26 26 26 26 26 26 26 26 26 26 26 26 26 26 26 26 26 26 26 26 26 26 26 26 26 26 26 26 26 26 26 26 26 26 26 26 26