29 7 7 5 3 7 3 9 3 5 7 3 7 11 5 5 7 3 11 5 9 7 3 7 7 9 5 5 7 5 3 11 3 11 7 5 9 7 7 5 5 7 7 9 11 3 9 3 9 11 7 7 5 7 7 11 9 9 11 27 
28 8 8 10 6 4 8 10 8 12 10 12 6 12 4 4 4 6 12 8 12 8 8 10 4 10 12 10 10 12 10 4 4 6 10 6 12 6 10 8 8 12 4 10 6 10 10 8 10 6 4 10 8 12 10 4 12 8 12 26 
28 30 30 30 30 30 30 30 30 30 30 30 30 30 30 30 30 30 30 30 30 30 30 30 30 30 30 30 30 30 30 30 30 30 30 30 30 30 30 30 30 30 30 30 30 30 30 30 30 30 30 30 30 30 30 30 30 30 30 26 
28 0 0 0 0 0 0 30 30 30 30 30 30 30 30 0 0 0 0 0 0 0 0 0 0 0 30 30 30 30 30 30 30 30 0 0 0 0 0 0 0 0 0 0 0 30 30 30 30 30 30 30 30 0 0 0 0 0 0 26 
28 0 0 0 0 0 0 30 30 30 30 30 30 30 30 0 0 0 0 0 0 0 0 0 0 0 30 30 30 30 30 30 30 30 0 0 0 0 0 0 0 0 0 0 0 30 30 30 30 30 30 30 30 0 0 0 0 0 0 26 
28 0 0 0 0 0 0 30 30 30 30 30 30 30 30 0 0 0 0 0 0 0 0 0 0 0 30 30 30 30 30 30 30 30 0 0 0 0 0 0 0 0 0 0 0 30 30 30 30 30 30 30 30 0 0 0 0 0 0 26 
28 0 0 0 0 0 0 0 0 0 0 0 0 0 0 0 0 0 0 0 0 0 0 0 0 0 0 0 0 0 0 0 0 0 0 0 0 0 0 0 0 0 0 0 0 0 0 0 0 0 0 0 0 0 0 0 0 0 0 26 
28 0 0 0 0 0 0 0 0 0 0 0 0 0 0 0 0 0 0 0 0 0 0 0 0 0 0 0 0 0 0 0 0 0 0 0 0 0 0 0 0 0 0 0 0 0 0 0 0 0 0 0 0 0 0 0 0 0 0 26 
28 0 0 0 0 0 0 0 0 0 0 0 0 0 0 0 0 0 0 0 0 0 0 0 0 0 0 0 0 0 0 0 0 0 0 0 0 0 0 0 0 0 0 0 0 0 0 0 0 0 0 0 0 0 0 0 0 0 0 26 
28 0 0 0 0 0 0 0 0 0 0 0 0 0 0 0 0 0 0 0 0 0 0 0 0 0 30 30 30 30 30 30 30 30 0 0 0 0 0 0 0 0 0 0 0 0 0 0 0 0 0 0 0 0 0 0 0 0 0 26 
28 0 0 0 0 0 0 30 30 30 30 30 30 30 30 0 0 0 0 0 0 0 0 0 0 0 30 30 30 30 30 30 30 30 0 0 0 0 0 0 0 0 0 0 0 30 30 30 30 30 30 30 30 0 0 0 0 0 0 26 
28 0 0 0 0 0 0 30 30 30 30 30 30 30 30 0 0 0 0 0 0 0 0 0 0 0 30 30 30 30 30 30 30 30 0 0 0 0 0 0 0 0 0 0 0 30 30 30 30 30 30 30 30 0 0 0 0 0 0 26 
28 0 0 0 0 0 0 16 18 18 18 18 18 18 24 0 0 0 0 0 0 0 30 30 30 30 30 30 30 30 30 30 30 30 30 30 30 30 0 0 0 0 0 0 0 16 18 18 18 18 18 18 18 0 0 0 0 0 0 26 
28 0 0 0 0 0 0 16 18 18 18 18 18 18 18 0 0 0 0 0 0 0 30 30 30 30 30 30 30 30 30 30 30 30 30 30 30 30 0 0 0 0 0 0 0 18 18 18 18 18 18 18 25 0 0 0 0 0 0 26 
28 0 0 0 0 0 0 18 18 18 18 18 18 18 25 0 0 0 0 0 0 0 30 30 30 30 30 30 30 30 30 30 30 30 30 30 30 30 0 0 0 0 0 0 0 18 18 18 18 18 18 18 18 0 0 0 0 0 0 26 
28 0 0 0 0 0 0 7 3 11 9 5 9 3 9 0 0 0 0 0 0 0 30 30 30 30 30 30 30 30 30 30 30 30 30 30 30 30 0 0 0 0 0 0 0 3 7 9 3 7 3 7 3 0 0 0 0 0 0 26 
28 0 0 0 0 0 0 0 0 0 0 0 0 0 0 0 0 0 0 0 0 0 0 0 0 0 0 0 0 0 0 0 0 0 0 0 0 0 0 0 0 0 0 0 0 0 0 0 0 0 0 0 0 0 0 0 0 0 0 26 
28 0 0 0 0 0 0 0 0 0 0 0 0 0 0 0 0 0 0 0 0 0 0 0 0 0 0 0 0 0 0 0 0 0 0 0 0 0 0 0 0 0 0 0 0 0 0 0 0 0 0 0 0 0 0 0 0 0 0 26 
28 0 0 0 0 0 0 0 0 0 0 0 0 0 0 0 0 0 0 0 0 0 0 0 0 0 0 0 0 0 0 0 0 0 0 0 0 0 0 0 0 0 0 0 0 0 0 0 0 0 0 0 0 0 0 0 0 0 0 26 
28 0 0 0 0 0 0 0 0 0 0 0 0 0 0 0 0 0 0 0 0 0 0 0 0 0 0 0 0 0 0 0 0 0 0 0 0 0 0 0 0 0 0 0 0 0 0 0 0 0 0 0 0 0 0 0 0 0 0 26 
28 0 0 0 0 0 0 16 18 18 18 18 18 18 23 0 0 0 0 0 0 0 0 0 0 0 15 18 18 18 18 18 18 23 0 0 0 0 0 0 0 0 0 0 0 15 18 18 18 18 18 18 24 0 0 0 0 0 0 26 
28 0 0 0 0 0 0 16 18 18 18 18 18 18 18 0 0 0 0 0 0 0 0 0 0 0 16 18 18 18 18 18 18 25 0 0 0 0 0 0 0 0 0 0 0 16 18 18 18 18 18 18 24 0 0 0 0 0 0 26 
28 0 0 0 0 0 0 15 18 18 18 18 18 18 23 0 0 0 0 0 0 0 0 0 0 0 18 18 18 18 18 18 18 18 0 0 0 0 0 0 0 0 0 0 0 15 18 18 18 18 18 18 23 0 0 0 0 0 0 26 
28 0 0 0 0 0 0 16 18 18 18 18 18 18 18 0 0 0 0 0 0 0 0 0 0 0 18 18 18 18 18 18 18 18 0 0 0 0 0 0 0 0 0 0 0 14 18 18 18 18 18 18 18 0 0 0 0 0 0 26 
28 0 0 0 0 0 0 18 18 18 18 18 18 18 24 0 0 0 0 0 0 0 15 18 18 18 18 18 18 18 18 18 18 18 18 18 18 23 0 0 0 0 0 0 0 18 18 18 18 18 18 18 25 0 0 0 0 0 0 26 
28 0 0 0 0 0 0 14 18 18 18 18 18 18 25 0 0 0 0 0 0 0 15 18 18 18 18 18 18 18 18 18 18 18 18 18 18 24 0 0 0 0 0 0 0 18 18 18 18 18 18 18 24 0 0 0 0 0 0 26 
28 0 0 0 0 0 0 16 18 18 18 18 18 18 23 0 0 0 0 0 0 0 18 18 18 18 18 18 18 18 18 18 18 18 18 18 18 23 0 0 0 0 0 0 0 14 18 18 18 18 18 18 24 0 0 0 0 0 0 26 
28 0 0 0 0 0 0 3 11 3 11 5 5 7 7 0 0 0 0 0 0 0 3 9 3 11 3 5 11 3 9 3 11 9 9 11 5 3 0 0 0 0 0 0 0 11 7 9 9 9 7 11 11 0 0 0 0 0 0 26 
28 0 0 0 0 0 0 0 0 0 0 0 0 0 0 0 0 0 0 0 0 0 0 0 0 0 0 0 0 0 0 0 0 0 0 0 0 0 0 0 0 0 0 0 0 0 0 0 0 0 0 0 0 0 0 0 0 0 0 26 
28 0 0 0 0 0 0 0 0 0 0 0 0 0 0 0 0 0 0 0 0 0 0 0 0 0 0 0 0 0 0 0 0 0 0 0 0 0 0 0 0 0 0 0 0 0 0 0 0 0 0 0 0 0 0 0 0 0 0 26 
28 0 0 0 0 0 0 0 0 0 0 0 0 0 0 0 0 0 0 0 0 0 0 0 0 0 0 0 0 0 0 0 0 0 0 0 0 0 0 0 0 0 0 0 0 0 0 0 0 0 0 0 0 0 0 0 0 0 0 26 
28 0 0 0 0 0 0 0 0 0 0 0 0 0 0 0 0 0 0 0 0 0 0 0 0 0 0 0 0 0 0 0 0 0 0 0 0 0 0 0 0 0 0 0 0 0 0 0 0 0 0 0 0 0 0 0 0 0 0 26 
28 0 0 0 0 0 0 0 0 0 0 0 0 0 0 0 0 0 0 0 0 0 0 0 0 0 0 0 0 0 0 0 0 0 0 0 0 0 0 0 0 0 0 0 0 0 0 0 0 0 0 0 0 0 0 0 0 0 0 26 
28 0 0 0 0 0 0 0 0 0 0 0 0 0 0 0 0 0 0 0 0 0 0 0 0 0 0 0 0 0 0 0 0 0 0 0 0 0 0 0 0 0 0 0 0 0 0 0 0 0 0 0 0 0 0 0 0 0 0 26 
18 18 18 18 18 18 18 18 18 18 18 18 18 18 18 18 18 18 18 18 18 18 18 18 18 18 18 18 18 18 18 18 18 18 18 18 18 18 18 18 18 18 18 18 18 18 18 18 18 18 18 18 18 18 18 18 18 18 18 18